1 instancja- 5 miejsc, 21 elementów
Multi-zbiór: 15 2 17 3 5 12 5 8 10 7 1 6 9 11 6 4 5 10 13 15 2
             1 2 4 5 6 9 10 12 15 17 15 13 11 10 8 7 6 5 5 3 2 
             17 15 15 13 12 11 10 10 9 8 7 6 6 5 5 5 4 3 2 2 1
             1 2 2 3 4 5 5 5 6 6 7 8 9 10 10 11 12 13 15 15 17
Mapa: 2 3 5 1 4 2


2 instancja- 8 miejsc, 45 elementów
Multi-zbiór: 2 6 12 14 17 22 8 13 16 18 24 28 30 4 26 3 27 1 5 10 13 15 21 25 4 9 12 14 20 24 5 8 10 16 20 3 5 11 15 2 8 12 6 10 4
             1 2 2 3 3 4 4 4 5 5 5 6 6 8 8 8 9 10 10 10 11 12 12 12 13 13 14 14 15 15 16 16 17 18 20 20 21 22 24 24 25 26 27 28 30
             30 28 27 26 25 24 24 22 21 20 20 18 17 16 16 15 15 14 14 13 13 12 12 12 11 10 10 10 9 8 8 8 6 6 5 5 5 4 4 4 3 3 2 2 1
             1 2 2 3 4 5 8 8 9 10 11 12 12 14 14 15 16 17 20 21 24 24 27 30 28 26 25 22 20 18 16 15 13 13 12 10 10 8 6 6 5 5 4 4 3
Mapa: 3 1 4 5 3 2 6 4 2

3 instancja- 11 miejsc 78 elementów
Multi-zbiór: 44 3 41 2 5 39 1 3 6 38 4 5 7 10 34 6 10 11 13 16 28 5 11 15 16 18 21 23 3 8 14 18 19 21 24 20 2 5 10 16 20 21 23 26 18 1 3 6 11 17 21 22 24 27 17 4 5 7 10 15 21 25 26 28 31 13 6 10 11 13 16 21 27 31 32 34 37 7
             1 1 2 2 3 3 3 3 4 4 5 5 5 5 5 6 6 6 6 7 7 7 8 10 10 10 10 10 11 11 11 11 13 13 13 14 15 15 16 16 16 16 17 17 18 18 18 19 20 20 21 21 21 21 21 21 22 23 23 24 24 25 26 26 27 27 28 28 31 31 32 34 34 37 38 39 41 44
             44 41 39 38 37 34 34 32 31 31 28 28 27 27 26 26 25 24 24 23 23 22 21 21 21 21 21 21 20 20 19 18 18 18 17 17 16 16 16 16 15 15 14 13 13 13 11 11 11 11 10 10 10 10 10 8 7 7 7 6 6 6 6 5 5 5 5 5 4 4 3 3 3 3 2 2 1 1
             1 1 3 3 4 5 5 6 7 7 8 10 10 10 11 11 13 13 14 16 16 16 17 18 18 21 21 21 22 23 23 24 26 27 28 31 31 34 38 39 44 41 37 34 32 28 27 26 25 24 21 21 21 20 20 19 18 17 16 15 15 13 11 11 10 10 7 6 6 6 5 5 5 4 3 3 2 2

Mapa: 3 2 1 4 6 5 3 2 1 4 6 7

4 instancja- 14 miejsc 120 elementów
Multi-zbiór: 12 33 17 3 21 25 51 63 22 34 17 13 4 32 5 20 17 24 26 4 43 58 20 15 65 20 52 8 6 14 12 10 29 2 28 41 34 13 5 23 13 12 50 38 56 31 21 41 32 51 6 37 29 12 35 36 9 42 15 24 11 29 7 4 26 38 42 9 9 18 3 4 9 21 24 11 43 47 8 39 21 17 32 28 19 7 3 39 49 19 8 35 8 25 17 32 28 30 7 10 22 11 5 48 45 2 55 30 15 40 1 43 31 1 23 26 30 20 9 60
             1 1 2 2 3 3 3 4 4 4 4 5 5 5 6 6 7 7 7 8 8 8 8 9 9 9 9 9 10 10 11 11 11 12 12 12 12 13 13 13 14 15 15 15 17 17 17 17 17 18 19 19 20 20 20 20 21 21 21 21 22 22 23 23 24 24 24 25 25 26 26 26 28 28 28 29 29 29 30 30 30 31 31 32 32 32 32 33 34 34 35 35 36 37 38 38 39 39 40 41 41 42 42 43 43 43 45 47 48 49 50 51 51 52 55 56 58 60 63 65
             65 63 60 58 56 55 52 51 51 50 49 48 47 45 43 43 43 42 42 41 41 40 39 39 38 38 37 36 35 35 34 34 33 32 32 32 32 31 31 30 30 30 29 29 29 28 28 28 26 26 26 25 25 24 24 24 23 23 22 22 21 21 21 21 20 20 20 20 19 19 18 17 17 17 17 17 15 15 15 14 13 13 13 12 12 12 12 11 11 11 10 10 9 9 9 9 9 8 8 8 8 7 7 7 6 6 5 5 5 4 4 4 4 3 3 3 2 2 1 1
             1 2 3 3 4 4 4 5 6 7 7 8 8 9 9 9 10 10 11 11 12 13 13 14 15 17 17 17 19 20 20 21 21 21 22 23 24 24 25 25 26 28 29 29 30 31 32 32 33 34 35 35 37 38 39 40 41 42 42 43 43 45 49 50 51 55 56 60 65 63 58 52 51 48 47 43 41 39 38 36 34 32 32 31 30 30 29 28 28 26 26 24 23 22 21 20 20 19 18 17 17 15 15 13 12 12 12 11 9 9 8 8 7 6 5 5 4 3 2 1

Mapa: 2 7 1 3 4 5 8 4 5 2 1 3 6 9 5


5 instancja 5 miejsc, 21 elementów
Multi-zbiór  41 13 32 23 64 31 18 9 34 54 30 9 62 2 84 11 7 20 71 22 53
             2 7 9 9 11 13 18 20 22 23 30 31 32 34 41 53 54 62 64 71 84
             84 71 64 62 54 53 41 34 32 31 30 23 22 20 18 13 11 9 9 7 2
             2 9 13 18 22 30 32 41 53 64 71 84 62 54 34 31 23 20 11 9 7

6 instancja 8 miejsc, 45 elementów
Multi-zbiór: 104 48 61 9 39 45 32 7 18 115 11 36 29 21 41 28 59 77 50 38 11 57 98 18 25 37 4 70 91 13 102 66 61 2 30 74 20 56 87 16 41 17 59 43 54
             2 4 7 9 11 11 13 16 17 18 18 20 21 25 28 29 30 32 36 37 38 39 41 41 43 45 48 50 54 56 57 59 59 61 61 66 70 74 77 87 91 98 102 104 115
             115 104 102 98 91 87 77 74 70 66 61 61 59 59 57 56 54 50 48 45 43 41 41 39 38 37 36 32 30 29 28 25 21 20 18 18 17 16 13 11 11 9 7 4 2
             2 7 11 13 18 20 21 29 30 32 38 41 43 45 50 56 59 61 66 74 87 91 104 115 102 98 77 70 61 59 57 54 48 41 39 37 36 28 25 18 17 16 11 9 4

7 instancja 11 miejsc 78 elementów
Multi-zbiór: 69 122 19 29 114 60 11 12 90 99 79 18 37 134 10 60 20 131 2 23 58 100 71 93 190 56 97 40 7 70 9 41 105 30 67 153 9 56 11 49 51 64 26 54 97 112 111 123 120 44 81 79 68 49 8 151 149 63 62 58 56 41 38 2 53 15 161 39 109 82 52 17 34 43 74 91 160 30
             2 2 7 8 9 9 10 11 11 12 15 17 18 19 20 23 26 29 30 30 34 37 38 39 40 41 41 43 44 49 49 51 52 53 54 56 56 56 58 58 60 60 62 63 64 67 68 69 70 71 74 79 79 81 82 90 91 93 97 97 99 100 105 109 111 112 114 120 122 123 131 134 149 151 153 160 161 190
             190 161 160 153 151 149 134 131 123 122 120 114 112 111 109 105 100 99 97 97 93 91 90 82 81 79 79 74 71 70 69 68 67 64 63 62 60 60 58 58 56 56 56 54 53 52 51 49 49 44 43 41 41 40 39 38 37 34 30 30 29 26 23 20 19 18 17 15 12 11 11 10 9 9 8 7 2 2
             2 7 9 10 11 12 17 19 23 29 30 34 37 39 41 43 49 49 52 53 56 56 58 60 62 64 67 69 70 74 79 81 90 93 97 99 105 111 114 122 123 134 149 153 160 190 161 151 131 120 112 109 100 97 91 82 79 71 68 63 60 58 56 54 51 44 41 40 38 30 26 20 18 15 11 9 8 2

8 instancja- 14 miejsc 120 elementów
multi-zbiór: 42 212 70 7 71 119 251 312 139 143 100 41 24 168 66 134 43 98 108 25 180 275 97 102 317 73 242 76 8 66 4 68 161 5 136 219 151 75 39 81 115 95 212 141 293 151 110 183 168 256 34 204 141 71 176 219 29 227 37 75 78 112 32 2 134 176 236 24 15 44 27 51 64 68 119 100 238 205 2 209 117 108 138 143 61 19 7 214 246 80 63 175 93 136 66 195 144 141 76 32 109 70 37 217 243 10 249 139 95 231 44 178 174 17 104 137 185 74 68 280
             2 2 4 5 7 7 8 10 15 17 19 24 24 25 27 29 32 32 34 37 37 39 41 42 43 44 44 51 61 63 64 66 66 66 68 68 68 70 70 71 71 73 74 75 75 76 76 78 80 81 93 95 95 97 98 100 100 102 104 108 108 109 110 112 115 117 119 119 134 134 136 136 137 138 139 139 141 141 141 143 143 144 151 151 161 168 168 174 175 176 176 178 180 183 185 195 204 205 209 212 212 214 217 219 219 227 231 236 238 242 243 246 249 251 256 275 280 293 312 317
             317 312 293 280 275 256 251 249 246 243 242 238 236 231 227 219 219 217 214 212 212 209 205 204 195 185 183 180 178 176 176 175 174 168 168 161 151 151 144 143 143 141 141 141 139 139 138 137 136 136 134 134 119 119 117 115 112 110 109 108 108 104 102 100 100 98 97 95 95 93 81 80 78 76 76 75 75 74 73 71 71 70 70 68 68 68 66 66 66 64 63 61 51 44 44 43 42 41 39 37 37 34 32 32 29 27 25 24 24 19 17 15 10 8 7 7 5 4 2 2
             2 4 7 8 15 19 24 25 29 32 37 39 42 44 51 61 64 66 66 68 70 71 73 75 76 78 81 93 95 100 102 108 109 115 117 134 136 137 139 141 141 143 151 161 168 174 176 178 183 195 205 209 212 214 219 227 236 238 243 246 256 275 280 317 312 293 251 249 242 231 219 217 212 204 185 180 176 175 168 151 144 143 141 139 138 136 134 119 119 112 110 108 104 100 98 97 95 80 76 75 74 71 70 68 68 66 63 44 43 41 37 34 32 27 24 17 10 7 5 2
