>DOJHLOP01C1GFF length=117 xy=1129_2521 region=1 run=R_2005_09_08_15_35_38_
28 28 16 26 31 32 31 28 32 31 27 30 31 29 23 32 27 33 29 31 30 30 28 32 26 27 27 33 32 31 30 29 30 29 29 28 16 31 31 29 24 32 31 28 26 31 31 31 32 30 27 32 31 31 29 27 31 32 30 32 25 23 31 29 28 18 26 31 27 32 32 31 28 31 27 21 31 28 24 32 31 27 28 26 25 19 31 32 29 31 31 32 30 31 30 32 32 29 24 23 22 4 18 18 17 16 11 5 28 26 25 26 32 23 22 2 31
>DOJHLOP02GK2UX length=127 xy=2583_1319 region=2 run=R_2005_09_08_15_35_38_
25 24 23 18 31 25 18 17 24 24 19 5 29 23 31 30 32 30 23 31 32 19 8 24 16 26 19 22 14 31 20 26 31 28 28 29 31 29 30 25 31 27 24 17 31 27 25 28 27 22 26 25 10 28 27 22 22 21 16 6
31 27 26 28 28 18 31 19 29 30 24 29 23 17 24 16 24 24 18 29 26 31 21 24 32 22 29 13 27 25 27 33 29 31 30 30 28 32 26 24 27 33 32 31 30 29 30 28 21 12 24 17 26 25 17 31 30 24 25 27 25 25 18 30 26 20 31
>DOJHLOP02H0FQZ length=114 xy=3168_1321 region=2 run=R_2005_09_08_15_35_38_
27 24 24 18 31 21 12 31 31 31 32 30 31 27 28 30 31 31 27 32 19 32 32 26 19 31 27 27 28 27 14 32 28 29 31 30 26 22 31 32 29 27 33 29 31 30 30 28 32 23 27 27 33 32 31 30 29 30 29 22 13 30 32 31 32 31 31 18 19 28 28 18 31 29 25 23 18 18 32 21 12 21 28 28 18 30 24 32 31 21 19 31 30 30 27 27 13 31 17 32 31 27 32 29 28 18 32 31 27 32 23 14 31 15
>DOJHLOP01DTD8R length=119 xy=1447_3529 region=1 run=R_2005_09_08_15_35_38_
32 31 28 23 24 24 18 2 31 32 27 30 27 30 27 21 30 23 31 27 28 29 24 31 28 30 28 25 25 20 6 26 29 24 32 30 31 30 24 24 32 31 27 29 28 17 31 27 31 28 31 28 31 28 27 31 27 20 26 28
31 30 31 31 32 26 31 31 30 21 32 31 27 25 0 31 24 20 11 24 31 24 29 28 18 21 12 27 33 29 31 30 30 28 32 26 27 27 33 32 31 30 29 30 24 0 31 32 24 22 31 28 23 21 20 19 16 9 30
>DOJHLOP02GDMXK length=124 xy=2498_2246 region=2 run=R_2005_09_08_15_35_38_
32 32 32 31 27 31 30 30 27 27 33 29 31 29 30 28 32 26 27 27 33 32 31 30 29 30 24 25 32 22 22 21 16 8 31 27 30 27 28 31 32 32 30 27 24 31 32 31 32 30 27 32 32 30 32 32 31 31 27 29 32 31 31 32 31 27 31 32 17 32 26 25 22 11 31 32 29 23 30 29 24 31 27 32 23 28 21 31 27 32 27 31 26 31 27 25 32 18 29 27 24 23 21 13 18 31 24 24 22 13 32 31 32 32 32 12 12 11 11 10 8 5 2 30
>
