>DOJHLOP01DD6VA length=118 xy=1274_2740 region=1 run=R_2005_09_08_15_35_38_
31 31 31 26 25 22 10 27 20 30 28 32 31 28 32 31 32 32 31 26 32 31 28 32 31 30 30 30 27 25 25 22 11 31 29 30 28 30 28 33 24 31 29 29 18 25 27 31 25 30 31 31 28 32 29 30 29 31 32 31 31 30 31 28 31 27 31 28 31 31 31 27 31 31 32 26 26 11 32 22 14 25 31 31 30 32 24 28 28 27 14 30 32 28 30 24 28 31 28 31 31 24 16 32 29 28 17 31 28 26 19 28 32 27 25 32 31 30
>DOJHLOP02JI84C length=134 xy=3792_2906 region=2 run=R_2005_09_08_15_35_38_
30 25 32 31 29 32 32 32 31 31 27 17 32 8 8 8 7 7 6 5 3 1 31 32 26 24 31 27 26 26 18 32 32 31 27 32 31 28 31 31 31 27 31 27 31 27 32 31 32 30 31 31 31 26 24 27 29 28 17 27
25 29 28 16 25 29 28 17 31 27 31 27 30 25 30 28 26 27 25 25 21 9 26 26 18 28 32 23 31 27 28 27 14 29 30 27 20 10 21 28 22 31 27 28 29 30 27 30 25 30 26 31 22 29 18 25 27 31  24 31 27 32 30 28 28 29 28 16 31 26 24 32 24 17
>DOJHLOP02IIGUM length=116 xy=3373_2876 region=2 run=R_2005_09_08_15_35_38_
26 26 19 24 16 27 27 18 26 25 18 27 31 31 32 30 28 22 30 29 28 33 31 26 25 33 24 31 29 29 18 24 27 31 18 30 25 27 26 12 29 28 18 32 28 25 27 29 26 25 32 32 22 18 6 32 30 29 23 27 28 30 26 20 24 22 5 31 30 25 25 31 31 31 28 31 26 32 29 25 28 29 26 27 23 15 30 26 25 31 27 31 27 32 19 8 25 19 8 22 14 31 31 27 30 28 20 32 24 16 31 19 7 20 28 22
>DOJHLOP01C8Z42 length=117 xy=1215_2404 region=1 run=R_2005_09_08_15_35_38_
32 31 31 29 29 32 30 32 32 30 32 31 28 31 30 29 33 28 26 23 15 26 31 29 29 18 24 27 31 29 31 31 28 30 31 24 24 21 12 31 28 31 28 31 31 28 32 31 30 27 30 29 31 31 32 32 31 28 31 25 19 30 26 30 31 26 31 31 29 25 32 30 27 29 28 30 28 29 31 28 31 31 21 28 31 28 20 32 22 27 26 13 30 24 22 28 31 27 26 29 24 26 17 17 17 15 12 6 30 27 31 31 28 25 22 31 28
>DOJHLOP01C7W5E length=123 xy=1203_1024 region=1 run=R_2005_09_08_15_35_38_
26 25 11 30 19 30 26 31 29 31 33 28 26 25 33 24 31 29 29 30 24 27 31 26 29 28 18 32 28 31 24 31 26 32 31 28 31 28 30 28 31 31 26 30 26 31 27 28 31 23 31 31 28 27 30 25 26 25 22 10 28 23 30 30 25 31 32 28 27 14 30 26 27 26 12 30 31 28 30 31 27 30 28 28 32 30 26 29 31 27 31 32 32 27 20 26 26 31 26 25 22 11 32 31 29 28 18 21 29 26 20 27 32 23 22 2 20 10 25 18 27 32 25
>