>DOJHLOP02I6MO4 length=105 xy=3648_3798 region=2 run=R_2005_09_08_15_35_38_
32 30 32 31 26 30 29 32 29 28 17 32 25 18 31 31 32 31 30 28 32 31 33 26 29 34 18 17 18 22 27 19 32 27 32 29 28 16 30 32 32 32 30 29 31 27 31 32 29 23 32 28 28 18 31 28 27 21 32 32 29 27 30 30 31 29 29 26 30 32 28 27 25 31
30 31 32 23 22 32 26 26 18 27 28 21 31 29 30 27 31 30 25 25 23 17 31 31 27 25 23 26 19 28 28 
>DOJHLOP01DBA3Z length=113 xy=1241_3437 region=1 run=R_2005_09_08_15_35_38_
31 27 21 30 27 25 23 25 25 22 12 27 32 30 25 29 32 21 28 31 27 31 27 23 16 26 24 32 31 27 30 25 30 25 31 29 28 18 31 28 26 31 28 28 28 27 19 31 25 29 28 18 28 29 31 32 32 31 32 25
27 20 29 32 31 29 29 31 31 31 30 25 28 31 28 31 31 29 27 32 30 33 26 28 34 18 16 30 22 29 19 31 27 31 27 29 31 21 13 29 26 27 29 26 24 30 25 31 27 14 31 26 29 
>DOJHLOP02JNS71 length=115 xy=3844_2591 region=2 run=R_2005_09_08_15_35_38_
31 30 31 26 25 10 32 27 32 27 27 32 31 30 26 29 32 18 16 30 22 27 19 32 31 32 31 32 31 27 31 28 31 26 31 27 31 29 28 18 31 27 29 28 17 27 31 27 31 32 27 31 27 30 30 24 32 32 31 28 31 30 31 27 32 31 30 32 30 27 28 27 18 32
32 31 31 32 32 27 31 31 31 27 31 29 32 32 32 29 24 27 31 30 24 24 21 13 32 26 29 24 31 27 32 23 32 31 26 31 27 30 27 28 21
>DOJHLOP02HSNW5 length=116 xy=3079_3207 region=2 run=R_2005_09_08_15_35_38_
32 32 32 32 32 32 30 24 32 32 24 24 22 13 32 32 30 31 30 27 31 27 32 31 27 29 28 18 31 27 31 27 31 30 27 32 22 22 21 15 5 32 30 25 32 30 31 30 32 31 27 31 31 27 32 32 29 23 31 31
29 32 30 31 27 31 27 27 31 28 26 26 18 23 29 28 26 32 31 31 32 30 24 27 30 28 25 19 30 28 18 32 26 32 33 30 32 31 32 26 28 34 16 17 30 22 29 19 32 31 28 25 20 32 25 31
>DOJHLOP02H9QN5 length=123 xy=3274_1203 region=2 run=R_2005_09_08_15_35_38_
31 32 13 13 13 12 11 8 4 1 30 27 32 32 31 31 32 32 32 31 27 32 29 28 16 30 29 28 16 30 27 31 27 32 32 32 32 30 31 31 26 27 31 29 26 32 31 33 21 27 32 18 31 30 22 25 33 27 32 31 27 29 28 18 30 31 26 31 26 31 28 30 31 27
31 31 30 28 22 31 27 32 31 26 30 32 27 28 26 24 30 25 30 30 32 31 32 32 30 30 29 24 31 30 25 28 26 32 29 28 18 29 23 29 28 18 29 26 21 28 32 31 27
>